00000000000
00000000001
00000000010
00000000011
00000000000
00000000000
00000000110
00000000111
00000001000
00000001001
00000000000
00000000000
00000001100
00000001101
00000001110
00000001111
00000000000
00000000000
00000010010
00000010011
00000010100
00000010101
00000000000
00000000000
00000000000
00000000000
00000000000
00000000000
00000000000
00000000000
00000000000
00000000000
00000000000
00000000000
00000000000
00000000000
00000000000
00000000000
00000000001
00000000010
00000000011
00000000000
00000000000
00000000110
00000000111
00000001000
00000001001
00000000000
00000000000
00000001100
00000001101
00000001110
00000001111
00000000000
00000000000
00000010010
00000010011
00000010100
00000010101
00000000000
00000000000
00000000000
00000000000
00000000000
00000000000
00000000000
00000000000
00000000000
00000000000
00000000000
00000000000
00000000000
00000000000
00000000000
00000000001
00000000010
00000000011
00000000100
00000000000
00000000000
00000000111
00000001000
00000001001
00000001010
00000000000
00000000000
00000001101
00000001110
00000001111
00000010000
00000000000
00000000000
00000010011
00000010100
00000010101
00000010110
00000000000
00000000000
00000000000
00000000000
00000000000
00000000000
00000000000
00000000000
00000000000
00000000000
00000000000
00000000000
00000000000
00000000000
00000000000
00000000000
00000000000
00000000000
00000000010
00000000011
00000000100
00000000101
00000000000
00000000000
00000001000
00000001001
00000001010
00000001011
00000000000
00000000000
00000001110
00000001111
00000010000
00000010001
00000000000
00000000000
00000010100
00000010101
00000010110
00000010111
00000000000
00000000000
00000000000
00000000000
00000000000
00000000000
00000000000
00000000000
00000000000
00000000000
00000000000
00000000000
00000000000
00000000000
00000000000
00000000110
00000000111
00000001000
00000001001
00000000000
00000000000
00000001100
00000001101
00000001110
00000001111
00000000000
00000000000
00000010010
00000010011
00000010100
00000010101
00000000000
00000000000
00000011000
00000011001
00000011010
00000011011
00000000000
00000000000
00000000000
00000000000
00000000000
00000000000
00000000000
00000000000
00000000000
00000000000
00000000000
00000000000
00000000000
00000000000
00000000000
00000000111
00000001000
00000001001
00000001010
00000000000
00000000000
00000001101
00000001110
00000001111
00000010000
00000000000
00000000000
00000010011
00000010100
00000010101
00000010110
00000000000
00000000000
00000011001
00000011010
00000011011
00000011100
00000000000
00000000000
00000000000
00000000000
00000000000
00000000000
00000000000
00000000000
00000000000
00000000000
00000000000
00000000000
00000000000
00000000000
00000000000
00000000000
00000000000
00000000000
00000001000
00000001001
00000001010
00000001011
00000000000
00000000000
00000001110
00000001111
00000010000
00000010001
00000000000
00000000000
00000010100
00000010101
00000010110
00000010111
00000000000
00000000000
00000011010
00000011011
00000011100
00000011101
00000000000
00000000000
00000000000
00000000000
00000000000
00000000000
00000000000
00000000000
00000000000
00000000000
00000000000
00000000000
00000000000
00000000000
00000000000
00000001100
00000001101
00000001110
00000001111
00000000000
00000000000
00000010010
00000010011
00000010100
00000010101
00000000000
00000000000
00000011000
00000011001
00000011010
00000011011
00000000000
00000000000
00000011110
00000011111
00000100000
00000100001
00000000000
00000000000
00000000000
00000000000
00000000000
00000000000
00000000000
00000000000
00000000000
00000000000
00000000000
00000000000
00000000000
00000000000
00000000000
00000001101
00000001110
00000001111
00000010000
00000000000
00000000000
00000010011
00000010100
00000010101
00000010110
00000000000
00000000000
00000011001
00000011010
00000011011
00000011100
00000000000
00000000000
00000011111
00000100000
00000100001
00000100010
